return {
  ["idle"] = {
    {Time = 0.000, Data = {
      ["HumanoidRootPart"] = CFrame.new(0.000000, 0.000000, 0.000000, 1.000000, 0.000000, 0.000000, 0.000000, 1.000000, 0.000000, 0.000000, 0.000000, 1.000000),
      ["LeftLowerArm"] = CFrame.new(0.000000, 0.000001, 0.000002, 0.741877, -0.670539, 0.000000, 0.656555, 0.726404, -0.203164, 0.136228, 0.150720, 0.979146),
      ["LeftUpperArm"] = CFrame.new(-0.021286, -0.000028, -0.308608, 0.997901, 0.033806, 0.055272, -0.005880, -0.802313, 0.596878, 0.064523, -0.595948, -0.800426),
      ["LeftUpperLeg"] = CFrame.new(-0.080097, -0.000003, -0.109327, 0.991686, 0.000000, -0.128691, 0.000000, 1.000001, 0.000000, 0.128691, 0.000000, 0.991685),
      ["LowerTorso"] = CFrame.new(0.000000, 0.000000, 0.000000, 1.000000, 0.000000, 0.000000, 0.000000, 1.000000, 0.000000, 0.000000, 0.000000, 1.000000),
      ["RightLowerArm"] = CFrame.new(0.000000, 0.000000, -0.000001, 0.723753, 0.682472, -0.102068, -0.686055, 0.727552, -0.000001, 0.074259, 0.070023, 0.994778),
      ["RightUpperArm"] = CFrame.new(0.000001, 0.000000, 0.000000, 1.000002, 0.000000, 0.000000, 0.000000, -0.817803, 0.575501, 0.000000, -0.575501, -0.817801),
      ["RightUpperLeg"] = CFrame.new(0.104156, 0.000000, -0.099092, 0.998288, 0.000000, 0.058498, 0.000000, 1.000001, 0.000000, -0.058498, 0.000000, 0.998287),
      ["UpperTorso"] = CFrame.new(0.000000, 0.000000, 0.129200, 1.000001, 0.000000, 0.000000, 0.000000, 1.000001, 0.000000, 0.000000, 0.000000, 1.000000),
    }},
    {Time = 0.267, Data = {
      ["HumanoidRootPart"] = CFrame.new(0.000000, 0.000000, 0.000000, 1.000000, 0.000000, 0.000000, 0.000000, 1.000000, 0.000000, 0.000000, 0.000000, 1.000000),
      ["LowerTorso"] = CFrame.new(0.000000, 0.000000, 0.000000, 1.000000, 0.000000, 0.000000, 0.000000, 1.000000, 0.000000, 0.000000, 0.000000, 1.000000),
      ["UpperTorso"] = CFrame.new(0.000000, 0.076500, 0.129200, 1.000001, 0.000000, 0.000000, 0.000000, 1.000001, 0.000000, 0.000000, 0.000000, 1.000000),
    }},
    {Time = 0.433, Data = {
      ["HumanoidRootPart"] = CFrame.new(0.000000, 0.000000, 0.000000, 1.000000, 0.000000, 0.000000, 0.000000, 1.000000, 0.000000, 0.000000, 0.000000, 1.000000),
      ["LeftLowerArm"] = CFrame.new(0.000000, 0.000001, 0.000002, 0.741877, -0.670539, 0.000000, 0.656555, 0.726404, -0.203164, 0.136228, 0.150720, 0.979146),
      ["LeftUpperArm"] = CFrame.new(-0.021286, -0.000028, -0.308608, 0.997901, 0.033806, 0.055272, -0.005880, -0.802313, 0.596878, 0.064523, -0.595948, -0.800426),
      ["LeftUpperLeg"] = CFrame.new(-0.080097, -0.000003, -0.109327, 0.991686, 0.000000, -0.128691, 0.000000, 1.000001, 0.000000, 0.128691, 0.000000, 0.991685),
      ["LowerTorso"] = CFrame.new(0.000000, 0.000000, 0.000000, 1.000000, 0.000000, 0.000000, 0.000000, 1.000000, 0.000000, 0.000000, 0.000000, 1.000000),
      ["RightLowerArm"] = CFrame.new(0.000000, 0.000000, -0.000001, 0.723753, 0.682472, -0.102068, -0.686055, 0.727552, -0.000001, 0.074259, 0.070023, 0.994778),
      ["RightUpperArm"] = CFrame.new(0.000001, 0.000000, 0.000000, 1.000002, 0.000000, 0.000000, 0.000000, -0.817803, 0.575501, 0.000000, -0.575501, -0.817801),
      ["RightUpperLeg"] = CFrame.new(0.104156, 0.000000, -0.099092, 0.998288, 0.000000, 0.058498, 0.000000, 1.000001, 0.000000, -0.058498, 0.000000, 0.998287),
      ["UpperTorso"] = CFrame.new(0.000000, 0.000000, 0.129200, 1.000001, 0.000000, 0.000000, 0.000000, 1.000001, 0.000000, 0.000000, 0.000000, 1.000000),
    }},
  },
}
