return {
  ["Jump"] = {
    {Time = 0.000, Data = {
      ["HumanoidRootPart"] = CFrame.new(0.000000, 0.000000, 0.000000, 1.000000, 0.000000, 0.000000, 0.000000, 1.000000, 0.000000, 0.000000, 0.000000, 1.000000),
      ["LeftFoot"] = CFrame.new(-0.000004, -0.000001, -0.000004, 0.984808, 0.173648, 0.000000, -0.171010, 0.969846, 0.173650, 0.030154, -0.171012, 0.984807),
      ["LeftHand"] = CFrame.new(-0.000001, 0.000000, 0.000000, 1.000000, 0.000000, 0.000000, 0.000000, 0.984808, 0.173648, 0.000000, -0.173648, 0.984808),
      ["LeftLowerArm"] = CFrame.new(0.000000, 0.000004, 0.000008, 0.965926, -0.257834, -0.022557, 0.258819, 0.962250, 0.084186, 0.000000, -0.087156, 0.996195),
      ["LeftLowerLeg"] = CFrame.new(0.000003, 0.000002, -0.000004, 1.000000, 0.000000, 0.000000, 0.000000, 0.996195, 0.087156, 0.000000, -0.087157, 0.996194),
      ["LeftUpperArm"] = CFrame.new(0.000003, 0.000004, 0.000004, 0.876001, -0.171912, 0.450632, 0.475808, 0.460921, -0.749105, -0.078925, 0.870631, 0.485565),
      ["LeftUpperLeg"] = CFrame.new(-0.187778, 0.237772, -0.437717, 0.846066, 0.194821, 0.496202, -0.034910, 0.949077, -0.313105, -0.531934, 0.247585, 0.809783),
      ["LowerTorso"] = CFrame.new(0.000000, -0.449003, 0.000000, 1.000000, 0.000000, 0.000000, 0.000000, 1.000000, 0.000000, 0.000000, 0.000000, 1.000000),
      ["RightFoot"] = CFrame.new(0.000001, 0.000000, 0.000000, 1.000000, 0.000000, 0.000000, 0.000000, 0.996195, -0.087156, 0.000000, 0.087156, 0.996195),
      ["RightHand"] = CFrame.new(0.000001, 0.000000, -0.000002, 0.984808, 0.000000, -0.173648, 0.000000, 1.000000, 0.000000, 0.173648, 0.000000, 0.984808),
      ["RightLowerArm"] = CFrame.new(0.000000, -0.000004, 0.000002, 1.000000, 0.000000, 0.000000, 0.000000, 0.984808, -0.173648, 0.000000, 0.173648, 0.984808),
      ["RightLowerLeg"] = CFrame.new(-0.000001, -0.000001, -0.000008, 1.000000, 0.000000, 0.000000, 0.000000, 0.766044, 0.642788, 0.000000, -0.642788, 0.766044),
      ["RightUpperArm"] = CFrame.new(0.000001, 0.000002, 0.000000, 0.928998, -0.183489, -0.321394, 0.235287, 0.963163, 0.130219, 0.285661, -0.196593, 0.937949),
      ["RightUpperLeg"] = CFrame.new(-0.041880, 0.286210, -0.547760, 0.828376, -0.369303, -0.421198, 0.023099, 0.773789, -0.633022, 0.559695, 0.514651, 0.649519),
      ["UpperTorso"] = CFrame.new(0.000000, 0.012580, 0.000000, 1.000000, 0.000000, 0.000000, 0.000000, 0.965926, 0.258819, 0.000000, -0.258819, 0.965926),
    }},
    {Time = 0.200, Data = {
      ["HumanoidRootPart"] = CFrame.new(0.000000, 0.000000, 0.000000, 1.000000, 0.000000, 0.000000, 0.000000, 1.000000, 0.000000, 0.000000, 0.000000, 1.000000),
      ["LeftLowerArm"] = CFrame.new(-0.000004, 0.000007, 0.000010, 0.965473, -0.260401, -0.007249, 0.258738, 0.961797, -0.089451, 0.030265, 0.084487, 0.995965),
      ["LeftLowerLeg"] = CFrame.new(0.000002, 0.000001, -0.000004, 1.000000, 0.000000, 0.000000, 0.000000, 0.996194, 0.087157, 0.000000, -0.087157, 0.996194),
      ["LeftUpperArm"] = CFrame.new(-0.093906, -0.472020, -0.363136, -0.314849, 0.904376, 0.288053, -0.300188, 0.193028, -0.934145, -0.900421, -0.380584, 0.210708),
      ["LeftUpperLeg"] = CFrame.new(-0.187780, 0.237779, -0.437721, 0.981153, -0.094607, 0.168490, -0.014063, 0.834677, 0.550561, -0.192721, -0.542554, 0.817615),
      ["LowerTorso"] = CFrame.new(0.000000, 0.546553, 0.000000, 1.000000, 0.000000, 0.000000, 0.000000, 1.000000, 0.000000, 0.000000, 0.000000, 1.000000),
      ["RightLowerLeg"] = CFrame.new(-0.000002, 0.000000, -0.000008, 1.000000, 0.000000, 0.000000, 0.000000, 0.866025, 0.500000, 0.000000, -0.500000, 0.866025),
      ["RightUpperArm"] = CFrame.new(-0.116290, -0.717216, 0.059729, 0.249552, -0.928239, -0.275854, 0.912750, 0.320622, -0.253159, 0.323437, -0.188609, 0.927262),
      ["RightUpperLeg"] = CFrame.new(-0.040981, 0.582529, -0.608444, 0.986627, -0.072382, -0.146039, 0.029824, 0.961031, -0.274828, 0.160240, 0.266798, 0.950338),
      ["UpperTorso"] = CFrame.new(0.000000, 0.072410, 0.000000, 1.000000, 0.000000, 0.000000, 0.000000, 1.000000, 0.000000, 0.000000, 0.000000, 1.000000),
    }},
    {Time = 0.300, Data = {
      ["HumanoidRootPart"] = CFrame.new(0.000000, 0.000000, 0.000000, 1.000000, 0.000000, 0.000000, 0.000000, 1.000000, 0.000000, 0.000000, 0.000000, 1.000000),
      ["LeftUpperLeg"] = CFrame.new(-0.187779, 0.237779, -0.437721, 0.981153, -0.108932, 0.159603, -0.014063, 0.783516, 0.621213, -0.192722, -0.611749, 0.767217),
      ["LowerTorso"] = CFrame.new(0.000000, 0.000000, 0.000000, 1.000000, 0.000000, 0.000000, 0.000000, 1.000000, 0.000000, 0.000000, 0.000000, 1.000000),
      ["RightUpperLeg"] = CFrame.new(-0.040980, 0.582528, -0.608448, 0.986627, -0.084834, -0.139174, 0.029824, 0.933421, -0.357542, 0.160240, 0.348610, 0.923469),
    }},
    {Time = 0.367, Data = {
      ["HumanoidRootPart"] = CFrame.new(0.000000, 0.000000, 0.000000, 1.000000, 0.000000, 0.000000, 0.000000, 1.000000, 0.000000, 0.000000, 0.000000, 1.000000),
      ["LowerTorso"] = CFrame.new(0.000000, 0.596193, 0.000000, 1.000000, 0.000000, 0.000000, 0.000000, 1.000000, 0.000000, 0.000000, 0.000000, 1.000000),
      ["UpperTorso"] = CFrame.new(0.000000, 0.113604, 0.000000, 1.000000, 0.000000, 0.000000, 0.000000, 1.000000, 0.000000, 0.000000, 0.000000, 1.000000),
    }},
    {Time = 0.467, Data = {
      ["HumanoidRootPart"] = CFrame.new(0.000000, 0.000000, 0.000000, 1.000000, 0.000000, 0.000000, 0.000000, 1.000000, 0.000000, 0.000000, 0.000000, 1.000000),
      ["LowerTorso"] = CFrame.new(0.000000, 0.123521, 0.000000, 1.000000, 0.000000, 0.000000, 0.000000, 1.000000, 0.000000, 0.000000, 0.000000, 1.000000),
    }},
    {Time = 0.600, Data = {
      ["HumanoidRootPart"] = CFrame.new(0.000000, 0.000000, 0.000000, 1.000000, 0.000000, 0.000000, 0.000000, 1.000000, 0.000000, 0.000000, 0.000000, 1.000000),
      ["LeftFoot"] = CFrame.new(-0.000004, -0.000002, -0.000008, 1.000000, 0.000000, 0.000000, 0.000000, 0.996195, -0.087153, 0.000000, 0.087153, 0.996195),
      ["LeftLowerLeg"] = CFrame.new(0.000000, -0.000002, 0.000000, 1.000000, 0.000000, 0.000000, 0.000000, 0.984807, 0.173651, 0.000000, -0.173651, 0.984807),
      ["LeftUpperArm"] = CFrame.new(-0.598145, -0.193670, -0.279621, -0.314849, 0.507635, 0.801983, -0.300188, 0.748325, -0.591521, -0.900421, -0.426986, -0.083223),
      ["LeftUpperLeg"] = CFrame.new(-0.194400, 0.582470, -0.496574, 0.981153, 0.019144, 0.192283, -0.014063, 0.999516, -0.027757, -0.192722, 0.024530, 0.980947),
      ["LowerTorso"] = CFrame.new(0.000000, -0.564247, 0.000000, 1.000000, 0.000000, 0.000000, 0.000000, 1.000000, 0.000000, 0.000000, 0.000000, 1.000000),
      ["RightFoot"] = CFrame.new(0.000000, 0.000001, 0.000004, 0.984808, 0.173648, 0.000000, -0.172988, 0.981061, -0.087153, -0.015134, 0.085829, 0.996195),
      ["RightLowerLeg"] = CFrame.new(0.000000, 0.000000, 0.000000, 1.000000, 0.000000, 0.000000, 0.000000, 1.000000, 0.000000, 0.000000, 0.000000, 1.000000),
      ["RightUpperArm"] = CFrame.new(0.000653, -0.317122, 0.203751, 0.736837, -0.617232, -0.275854, 0.563780, 0.786169, -0.253160, 0.373126, 0.031017, 0.927262),
      ["RightUpperLeg"] = CFrame.new(-0.040980, 0.582527, -0.608448, 0.956907, -0.254872, -0.139175, 0.191458, 0.914061, -0.357542, 0.218341, 0.315488, 0.923469),
      ["UpperTorso"] = CFrame.new(0.000000, 0.000000, 0.000000, 1.000000, 0.000000, 0.000000, 0.000000, 1.000000, 0.000000, 0.000000, 0.000000, 1.000000),
    }},
    {Time = 0.667, Data = {
      ["HumanoidRootPart"] = CFrame.new(0.000000, 0.000000, 0.000000, 1.000000, 0.000000, 0.000000, 0.000000, 1.000000, 0.000000, 0.000000, 0.000000, 1.000000),
      ["LeftUpperArm"] = CFrame.new(-0.598145, -0.193668, -0.279621, -0.060474, 0.121141, 0.990791, -0.346860, 0.928200, -0.134659, -0.935965, -0.351809, -0.014113),
      ["LeftUpperLeg"] = CFrame.new(-0.195280, 0.536536, -0.497704, 0.981153, 0.019144, 0.192283, -0.014063, 0.999516, -0.027757, -0.192722, 0.024530, 0.980947),
      ["LowerTorso"] = CFrame.new(0.000000, 0.000000, 0.000000, 1.000000, 0.000000, 0.000000, 0.000000, 1.000000, 0.000000, 0.000000, 0.000000, 1.000000),
      ["RightUpperArm"] = CFrame.new(-0.012282, -0.166327, 0.241070, 0.994208, -0.082975, 0.068305, 0.096822, 0.967363, -0.234167, -0.046646, 0.239424, 0.969794),
      ["RightUpperLeg"] = CFrame.new(-0.045865, 0.600041, -0.602402, 0.956907, -0.254872, -0.139175, 0.191458, 0.914061, -0.357542, 0.218341, 0.315488, 0.923469),
      ["UpperTorso"] = CFrame.new(0.000000, -0.133376, 0.000000, 1.000000, 0.000000, 0.000000, 0.000000, 1.000000, 0.000000, 0.000000, 0.000000, 1.000000),
    }},
    {Time = 0.800, Data = {
      ["HumanoidRootPart"] = CFrame.new(0.000000, 0.000000, 0.000000, 1.000000, 0.000000, 0.000000, 0.000000, 1.000000, 0.000000, 0.000000, 0.000000, 1.000000),
      ["LeftUpperLeg"] = CFrame.new(-0.197875, 0.401042, -0.501030, 0.981153, 0.019144, 0.192283, -0.014063, 0.999516, -0.027757, -0.192722, 0.024530, 0.980947),
      ["LowerTorso"] = CFrame.new(0.000000, 0.000000, 0.000000, 1.000000, 0.000000, 0.000000, 0.000000, 1.000000, 0.000000, 0.000000, 0.000000, 1.000000),
      ["RightUpperLeg"] = CFrame.new(-0.029235, 0.540401, -0.622986, 0.956907, -0.254872, -0.139175, 0.191458, 0.914061, -0.357542, 0.218341, 0.315488, 0.923469),
      ["UpperTorso"] = CFrame.new(0.000000, 0.214557, 0.000000, 1.000000, 0.000000, 0.000000, 0.000000, 1.000000, 0.000000, 0.000000, 0.000000, 1.000000),
    }},
  },
}
