return {
  ["run"] = {
    {Time = 0.000, Data = {
      ["Head"] = CFrame.new(0.000000, 0.000000, 0.000000, 0.999895, -0.008973, -0.011342, 0.004494, 0.938199, -0.346068, 0.013746, 0.345981, 0.938141),
      ["HumanoidRootPart"] = CFrame.new(0.000000, 0.000000, 0.000000, 1.000000, 0.000000, 0.000000, 0.000000, 1.000000, 0.000000, 0.000000, 0.000000, 1.000000),
      ["LeftFoot"] = CFrame.new(0.000000, 0.000000, 0.000000, 0.999991, -0.004270, -0.000168, 0.004220, 0.992804, -0.119677, 0.000678, 0.119675, 0.992813),
      ["LeftHand"] = CFrame.new(0.000000, 0.000000, 0.000000, 1.000000, 0.000000, 0.000000, 0.000000, 0.964361, -0.264591, 0.000000, 0.264591, 0.964361),
      ["LeftLowerArm"] = CFrame.new(0.000000, -0.061230, 0.052166, 1.000000, 0.000000, 0.000000, 0.000000, 0.879911, -0.475138, 0.000000, 0.475138, 0.879911),
      ["LeftLowerLeg"] = CFrame.new(0.000000, 0.000000, 0.000000, 1.000000, 0.000000, 0.000000, 0.000000, 0.938975, 0.343986, 0.000000, -0.343986, 0.938975),
      ["LeftUpperArm"] = CFrame.new(0.000000, 0.000000, 0.000000, 0.982154, 0.045809, 0.182414, -0.168665, 0.643665, 0.746490, -0.083218, -0.763935, 0.639905),
      ["LeftUpperLeg"] = CFrame.new(0.000000, 0.000000, 0.000000, 0.998249, -0.058309, -0.009965, 0.023953, 0.552469, -0.833189, 0.054088, 0.831491, 0.552899),
      ["LowerTorso"] = CFrame.new(0.000000, 0.134308, 0.000000, 0.996754, 0.000094, 0.080507, -0.009796, 0.992712, 0.120116, -0.079909, -0.120515, 0.989490),
      ["RightFoot"] = CFrame.new(0.000000, 0.000000, 0.000000, 0.999901, -0.013858, -0.002406, 0.014059, 0.979624, 0.200348, -0.000419, -0.200362, 0.979722),
      ["RightHand"] = CFrame.new(0.000000, 0.000000, 0.000000, 1.000000, -0.000099, -0.000735, -0.000099, 0.964361, -0.264590, 0.000735, 0.264590, 0.964361),
      ["RightLowerArm"] = CFrame.new(0.000000, -0.061230, 0.052167, 1.000000, 0.000000, 0.000000, 0.000000, 0.757953, -0.652309, 0.000000, 0.652309, 0.757953),
      ["RightLowerLeg"] = CFrame.new(0.000000, -0.118274, 0.072475, 1.000000, 0.000000, 0.000000, 0.000000, 0.902228, 0.431260, 0.000000, -0.431260, 0.902228),
      ["RightUpperArm"] = CFrame.new(0.000000, 0.000000, 0.000000, 0.767502, -0.220180, 0.602048, 0.569889, 0.664407, -0.483518, -0.293544, 0.714202, 0.635412),
      ["RightUpperLeg"] = CFrame.new(0.000000, 0.000000, 0.000000, 0.972723, -0.008501, -0.231814, 0.120653, 0.872060, 0.474294, 0.198124, -0.489326, 0.849298),
      ["UpperTorso"] = CFrame.new(0.000000, 0.000000, 0.000000, 0.999553, -0.006003, 0.029278, -0.001656, 0.966992, 0.254803, -0.029841, -0.254738, 0.966550),
    }},
    {Time = 0.042, Data = {
      ["Head"] = CFrame.new(0.000000, 0.000000, 0.000000, 0.999916, -0.008022, -0.010228, 0.004092, 0.941098, -0.338109, 0.012338, 0.338038, 0.941051),
      ["HumanoidRootPart"] = CFrame.new(0.000000, 0.000000, 0.000000, 1.000000, 0.000000, 0.000000, 0.000000, 1.000000, 0.000000, 0.000000, 0.000000, 1.000000),
      ["LeftFoot"] = CFrame.new(-0.000046, 0.004167, 0.001934, 0.999987, 0.000078, 0.005042, -0.000097, 0.999993, 0.003731, -0.005041, -0.003731, 0.999980),
      ["LeftHand"] = CFrame.new(0.000000, 0.000000, 0.000000, 0.999987, -0.000877, -0.005055, -0.000172, 0.979008, -0.203820, 0.005128, 0.203818, 0.978996),
      ["LeftLowerArm"] = CFrame.new(0.000000, -0.061231, 0.052166, 1.000000, 0.000000, 0.000000, 0.000000, 0.879281, -0.476303, 0.000000, 0.476303, 0.879281),
      ["LeftLowerLeg"] = CFrame.new(0.000000, 0.000000, 0.000000, 0.999995, 0.002952, 0.000773, -0.003051, 0.964385, 0.264486, 0.000035, -0.264488, 0.964389),
      ["LeftUpperArm"] = CFrame.new(0.000000, 0.000000, 0.000000, 0.982830, 0.042319, 0.179597, -0.163903, 0.647277, 0.744425, -0.084745, -0.761080, 0.643099),
      ["LeftUpperLeg"] = CFrame.new(-0.000490, -0.007392, 0.008683, 0.998309, -0.057143, -0.010712, 0.024195, 0.575878, -0.817177, 0.052865, 0.815536, 0.576287),
      ["LowerTorso"] = CFrame.new(0.008591, 0.113991, -0.007619, 0.997119, -0.002213, 0.075822, -0.006872, 0.992828, 0.119353, -0.075542, -0.119530, 0.989952),
      ["RightFoot"] = CFrame.new(0.000000, 0.000000, 0.000000, 0.999902, -0.013821, -0.002395, 0.014021, 0.979760, 0.199684, -0.000414, -0.199697, 0.979858),
      ["RightHand"] = CFrame.new(0.000000, 0.000000, 0.000000, 0.999990, -0.001113, -0.004263, -0.000312, 0.947248, -0.320501, 0.004395, 0.320499, 0.947239),
      ["RightLowerArm"] = CFrame.new(0.000000, -0.061231, 0.052166, 0.999997, -0.001725, -0.001456, -0.000088, 0.614930, -0.788582, 0.002255, 0.788580, 0.614928),
      ["RightLowerLeg"] = CFrame.new(-0.002115, -0.118206, 0.072706, 0.999099, -0.042424, -0.001278, 0.034651, 0.797917, 0.601770, -0.024510, -0.601273, 0.798668),
      ["RightUpperArm"] = CFrame.new(0.000000, 0.000000, 0.000000, 0.778315, -0.218367, 0.588678, 0.542325, 0.706273, -0.455041, -0.316401, 0.673420, 0.668129),
      ["RightUpperLeg"] = CFrame.new(-0.000511, 0.023727, 0.015440, 0.971897, -0.026832, -0.233874, 0.131308, 0.886366, 0.443976, 0.195385, -0.462208, 0.864979),
      ["UpperTorso"] = CFrame.new(0.000000, 0.000000, 0.000000, 0.999639, -0.005312, 0.026333, -0.001402, 0.968601, 0.248615, -0.026827, -0.248562, 0.968244),
    }},
    {Time = 0.083, Data = {
      ["Head"] = CFrame.new(0.000000, 0.000000, 0.000000, 0.999954, -0.005875, -0.007631, 0.003114, 0.947035, -0.321116, 0.009113, 0.321078, 0.947009),
      ["HumanoidRootPart"] = CFrame.new(0.000000, 0.000000, 0.000000, 1.000000, 0.000000, 0.000000, 0.000000, 1.000000, 0.000000, 0.000000, 0.000000, 1.000000),
      ["LeftFoot"] = CFrame.new(-0.000131, 0.011904, 0.005524, 0.999851, 0.006353, 0.016048, -0.009918, 0.972447, 0.232915, -0.014126, -0.233039, 0.972365),
      ["LeftHand"] = CFrame.new(0.000000, 0.000000, 0.000000, 0.999921, -0.001265, -0.012487, -0.000305, 0.992164, -0.124939, 0.012548, 0.124933, 0.992086),
      ["LeftLowerArm"] = CFrame.new(0.000000, -0.061230, 0.052167, 1.000000, 0.000000, 0.000000, 0.000000, 0.875216, -0.483733, 0.000000, 0.483733, 0.875216),
      ["LeftLowerLeg"] = CFrame.new(0.000000, 0.000000, 0.000000, 0.999962, 0.008492, 0.001814, -0.008679, 0.970754, 0.239919, 0.000276, -0.239925, 0.970791),
      ["LeftUpperArm"] = CFrame.new(0.000000, 0.000000, 0.000000, 0.984156, 0.040381, 0.172645, -0.154880, 0.669778, 0.726230, -0.086308, -0.741463, 0.665420),
      ["LeftUpperLeg"] = CFrame.new(-0.001400, -0.021119, 0.024808, 0.998515, -0.052861, -0.013167, 0.024199, 0.646948, -0.762150, 0.048807, 0.760700, 0.647267),
      ["LowerTorso"] = CFrame.new(0.016838, 0.065542, -0.025787, 0.997981, -0.004938, 0.063328, -0.002536, 0.993082, 0.117395, -0.063469, -0.117319, 0.991064),
      ["RightFoot"] = CFrame.new(0.000000, 0.000000, 0.000000, 0.999905, -0.013568, -0.002317, 0.013759, 0.980676, 0.195152, -0.000376, -0.195166, 0.980770),
      ["RightHand"] = CFrame.new(0.000000, 0.000000, 0.000000, 0.999983, -0.001918, -0.005436, -0.000048, 0.940236, -0.340523, 0.005765, 0.340518, 0.940220),
      ["RightLowerArm"] = CFrame.new(0.000000, -0.061230, 0.052166, 0.999963, -0.006783, -0.005345, -0.002480, 0.367311, -0.930095, 0.008272, 0.930073, 0.367281),
      ["RightLowerLeg"] = CFrame.new(-0.006043, -0.117729, 0.072724, 0.992649, -0.119568, -0.018725, 0.089302, 0.619213, 0.780128, -0.081684, -0.776066, 0.625339),
      ["RightUpperArm"] = CFrame.new(0.000000, 0.000000, 0.000000, 0.810669, -0.210029, 0.546538, 0.466501, 0.795785, -0.386139, -0.353827, 0.567992, 0.743097),
      ["RightUpperLeg"] = CFrame.new(-0.001460, 0.067793, 0.044114, 0.971615, -0.051396, -0.230919, 0.131602, 0.928565, 0.347056, 0.196586, -0.367594, 0.908971),
      ["UpperTorso"] = CFrame.new(0.000000, 0.000000, 0.000000, 0.999802, -0.003803, 0.019537, -0.000904, 0.971891, 0.235429, -0.019883, -0.235400, 0.971695),
    }},
    {Time = 0.125, Data = {
      ["Head"] = CFrame.new(0.000000, 0.000000, 0.000000, 0.999983, -0.003556, -0.004698, 0.001950, 0.952179, -0.305535, 0.005560, 0.305520, 0.952169),
      ["HumanoidRootPart"] = CFrame.new(0.000000, 0.000000, 0.000000, 1.000000, 0.000000, 0.000000, 0.000000, 1.000000, 0.000000, 0.000000, 0.000000, 1.000000),
      ["LeftFoot"] = CFrame.new(-0.000177, 0.016071, 0.007457, 0.999711, 0.008618, 0.022436, -0.015948, 0.936250, 0.350971, -0.017981, -0.351228, 0.936117),
      ["LeftHand"] = CFrame.new(0.000000, 0.000000, 0.000000, 0.999743, -0.000820, -0.022659, 0.000208, 0.999636, -0.026999, 0.022673, 0.026987, 0.999379),
      ["LeftLowerArm"] = CFrame.new(0.000000, -0.061231, 0.052166, 1.000000, 0.000000, 0.000000, 0.000000, 0.864182, -0.503180, 0.000000, 0.503180, 0.864182),
      ["LeftLowerLeg"] = CFrame.new(0.000000, 0.000000, 0.000000, 0.999931, 0.011501, 0.002242, -0.011713, 0.975730, 0.218663, 0.000327, -0.218674, 0.975798),
      ["LeftUpperArm"] = CFrame.new(0.000000, 0.000000, 0.000000, 0.986232, 0.043333, 0.159589, -0.140704, 0.726934, 0.672138, -0.086885, -0.685339, 0.723023),
      ["LeftUpperLeg"] = CFrame.new(-0.001891, -0.028510, 0.033490, 0.998903, -0.043578, -0.017136, 0.022302, 0.764529, -0.644204, 0.041174, 0.643115, 0.764662),
      ["LowerTorso"] = CFrame.new(0.023843, 0.007717, -0.047472, 0.998958, -0.007403, 0.045024, 0.002179, 0.993366, 0.114971, -0.045577, -0.114753, 0.992348),
      ["RightFoot"] = CFrame.new(0.000000, 0.000000, 0.000000, 0.999915, -0.012887, -0.002113, 0.013056, 0.983041, 0.182923, -0.000280, -0.182935, 0.983125),
      ["RightHand"] = CFrame.new(0.000000, 0.000000, 0.000000, 0.999980, -0.002685, -0.005659, 0.000559, 0.938096, -0.346376, 0.006239, 0.346366, 0.938079),
      ["RightLowerArm"] = CFrame.new(0.000000, -0.061231, 0.052166, 0.999826, -0.014121, -0.012214, -0.008651, 0.229384, -0.973298, 0.016545, 0.973234, 0.229222),
      ["RightLowerLeg"] = CFrame.new(-0.008158, -0.116434, 0.072955, 0.986560, -0.155917, -0.048885, 0.102928, 0.360624, 0.927015, -0.126908, -0.919587, 0.371825),
      ["RightUpperArm"] = CFrame.new(0.000000, 0.000000, 0.000000, 0.861195, -0.188545, 0.472011, 0.360089, 0.881727, -0.304785, -0.358719, 0.432445, 0.827232),
      ["RightUpperLeg"] = CFrame.new(-0.001971, 0.091520, 0.059553, 0.972464, -0.079816, -0.218958, 0.116673, 0.980046, 0.160928, 0.201745, -0.182043, 0.962372),
      ["UpperTorso"] = CFrame.new(0.000000, 0.000000, 0.000000, 0.999926, -0.002252, 0.011967, -0.000478, 0.974734, 0.223367, -0.012168, -0.223356, 0.974661),
    }},
    {Time = 0.167, Data = {
      ["Head"] = CFrame.new(0.000000, 0.000000, 0.000000, 0.999996, -0.001734, -0.002308, 0.000965, 0.954280, -0.298912, 0.002721, 0.298909, 0.954278),
      ["HumanoidRootPart"] = CFrame.new(0.000000, 0.000000, 0.000000, 1.000000, 0.000000, 0.000000, 0.000000, 1.000000, 0.000000, 0.000000, 0.000000, 1.000000),
      ["LeftFoot"] = CFrame.new(-0.000088, 0.008035, 0.003729, 0.999921, 0.006323, 0.010856, -0.007614, 0.992343, 0.123279, -0.009994, -0.123352, 0.992313),
      ["LeftHand"] = CFrame.new(0.000000, 0.000000, 0.000000, 0.999411, 0.000785, -0.034318, 0.001900, 0.996940, 0.078150, 0.034274, -0.078169, 0.996351),
      ["LeftLowerArm"] = CFrame.new(0.000000, -0.061230, 0.052166, 1.000000, 0.000000, 0.000000, 0.000000, 0.844238, -0.535968, 0.000000, 0.535968, 0.844238),
      ["LeftLowerLeg"] = CFrame.new(0.000000, 0.000000, 0.000000, 0.999983, 0.005779, 0.000971, -0.005860, 0.985840, 0.167587, 0.000011, -0.167590, 0.985857),
      ["LeftUpperArm"] = CFrame.new(0.000000, 0.000000, 0.000000, 0.989595, 0.055651, 0.132684, -0.119256, 0.833182, 0.539986, -0.080499, -0.550191, 0.831150),
      ["LeftUpperLeg"] = CFrame.new(-0.000945, -0.014255, 0.016745, 0.999673, -0.023339, -0.010472, 0.016810, 0.907923, -0.418800, 0.019283, 0.418486, 0.908018),
      ["LowerTorso"] = CFrame.new(0.028704, -0.040732, -0.065640, 0.999698, -0.008899, 0.022916, 0.006258, 0.993592, 0.112854, -0.023774, -0.112676, 0.993347),
      ["RightFoot"] = CFrame.new(0.000000, 0.000000, 0.000000, 0.999951, -0.009856, -0.001316, 0.009943, 0.991624, 0.128774, 0.000035, -0.128781, 0.991673),
      ["RightHand"] = CFrame.new(0.000000, 0.000000, 0.000000, 0.999976, -0.003550, -0.005973, 0.001207, 0.935307, -0.353835, 0.006843, 0.353819, 0.935289),
      ["RightLowerArm"] = CFrame.new(0.000000, -0.061230, 0.052166, 0.999523, -0.020257, -0.023292, -0.016928, 0.271289, -0.962349, 0.025814, 0.962285, 0.270817),
      ["RightLowerLeg"] = CFrame.new(-0.003119, -0.101121, 0.094695, 0.995087, -0.089247, -0.042867, 0.048828, 0.065717, 0.996643, -0.086131, -0.993839, 0.069752),
      ["RightUpperArm"] = CFrame.new(0.000000, 0.000000, 0.000000, 0.923697, -0.160230, 0.348008, 0.251104, 0.939238, -0.234048, -0.289361, 0.303576, 0.907806),
      ["RightUpperLeg"] = CFrame.new(-0.000986, 0.045760, 0.029777, 0.981339, -0.110197, -0.157577, 0.090498, 0.987745, -0.127162, 0.169659, 0.110529, 0.979285),
      ["UpperTorso"] = CFrame.new(0.000000, 0.000000, 0.000000, 0.999982, -0.001088, 0.005867, -0.000218, 0.975893, 0.218249, -0.005963, -0.218247, 0.975875),
    }},
    {Time = 0.208, Data = {
      ["Head"] = CFrame.new(0.000000, 0.000000, 0.000000, 1.000000, 0.000000, 0.000000, 0.000000, 0.954577, -0.297964, 0.000000, 0.297964, 0.954577),
      ["HumanoidRootPart"] = CFrame.new(0.000000, 0.000000, 0.000000, 1.000000, 0.000000, 0.000000, 0.000000, 1.000000, 0.000000, 0.000000, 0.000000, 1.000000),
      ["LeftFoot"] = CFrame.new(0.000000, 0.000000, 0.000000, 0.999999, 0.001372, 0.000096, -0.001353, 0.993702, -0.112045, -0.000249, 0.112045, 0.993703),
      ["LeftHand"] = CFrame.new(0.000000, 0.000000, 0.000000, 0.999192, 0.002020, -0.040134, 0.003188, 0.991604, 0.129271, 0.040058, -0.129295, 0.990797),
      ["LeftLowerArm"] = CFrame.new(0.000000, -0.061231, 0.052166, 1.000000, 0.000000, 0.000000, 0.000000, 0.823710, -0.567012, 0.000000, 0.567012, 0.823710),
      ["LeftLowerLeg"] = CFrame.new(0.000000, 0.000000, 0.000000, 1.000000, 0.000000, 0.000000, 0.000000, 0.990842, 0.135030, 0.000000, -0.135030, 0.990842),
      ["LeftUpperArm"] = CFrame.new(0.000000, 0.000000, 0.000000, 0.994574, 0.078275, 0.068519, -0.096545, 0.939818, 0.327751, -0.038741, -0.332588, 0.942276),
      ["LeftUpperLeg"] = CFrame.new(0.000000, 0.000000, 0.000000, 0.999733, 0.000468, 0.023112, 0.002111, 0.993770, -0.111430, -0.023020, 0.111449, 0.993504),
      ["LowerTorso"] = CFrame.new(0.030525, -0.061049, -0.073259, 0.999962, -0.008672, -0.000976, 0.008727, 0.993684, 0.111880, 0.000000, -0.111884, 0.993721),
      ["RightFoot"] = CFrame.new(0.000000, 0.000000, 0.000000, 0.999988, -0.004898, -0.000385, 0.004910, 0.999152, 0.040869, 0.000184, -0.040870, 0.999164),
      ["RightHand"] = CFrame.new(0.000000, 0.000000, 0.000000, 0.999973, -0.003992, -0.006186, 0.001510, 0.933559, -0.358422, 0.007206, 0.358403, 0.933539),
      ["RightLowerArm"] = CFrame.new(0.000000, -0.061230, 0.052166, 0.999307, -0.021192, -0.030613, -0.020308, 0.378904, -0.925213, 0.031206, 0.925193, 0.378211),
      ["RightLowerLeg"] = CFrame.new(0.001921, -0.072089, 0.116194, 0.999661, -0.023207, -0.011779, 0.009854, -0.081407, 0.996632, -0.024088, -0.996411, -0.081151),
      ["RightUpperArm"] = CFrame.new(0.000000, 0.000000, 0.000000, 0.969291, -0.148387, 0.196102, 0.174181, 0.977187, -0.121522, -0.173596, 0.151947, 0.973024),
      ["RightUpperLeg"] = CFrame.new(0.000000, 0.000000, 0.000000, 0.992855, -0.104900, -0.056873, 0.069357, 0.895165, -0.440306, 0.097099, 0.433215, 0.896045),
      ["UpperTorso"] = CFrame.new(0.000000, 0.000000, 0.000000, 1.000000, 0.000000, 0.000000, 0.000000, 0.976056, 0.217518, 0.000000, -0.217518, 0.976056),
    }},
    {Time = 0.250, Data = {
      ["Head"] = CFrame.new(0.000000, 0.000000, 0.000000, 0.999994, 0.002131, 0.002824, -0.001176, 0.952989, -0.303004, -0.003337, 0.302998, 0.952985),
      ["HumanoidRootPart"] = CFrame.new(0.000000, 0.000000, 0.000000, 1.000000, 0.000000, 0.000000, 0.000000, 1.000000, 0.000000, 0.000000, 0.000000, 1.000000),
      ["LeftFoot"] = CFrame.new(0.000000, 0.000000, 0.000000, 0.999996, 0.002697, 0.000149, -0.002677, 0.996828, -0.079540, -0.000363, 0.079540, 0.996832),
      ["LeftHand"] = CFrame.new(0.000000, 0.000000, 0.000000, 0.999319, 0.001257, -0.036883, 0.002415, 0.995051, 0.099335, 0.036825, -0.099356, 0.994370),
      ["LeftLowerArm"] = CFrame.new(0.000000, -0.061231, 0.052166, 1.000000, 0.000000, 0.000000, 0.000000, 0.812458, -0.583019, 0.000000, 0.583019, 0.812458),
      ["LeftLowerLeg"] = CFrame.new(0.000000, -0.012301, 0.007461, 1.000000, 0.000000, 0.000000, 0.000000, 0.990079, 0.140511, 0.000000, -0.140511, 0.990079),
      ["LeftUpperArm"] = CFrame.new(0.000000, 0.000000, 0.000000, 0.989748, 0.131074, -0.056734, -0.127261, 0.989652, 0.066285, 0.064835, -0.058385, 0.996187),
      ["LeftUpperLeg"] = CFrame.new(0.000000, 0.000000, 0.000000, 0.996967, 0.011006, 0.077042, -0.022639, 0.988151, 0.151804, -0.074458, -0.153088, 0.985404),
      ["LowerTorso"] = CFrame.new(0.028815, -0.040732, -0.065640, 0.999668, -0.007298, -0.024710, 0.010038, 0.993583, 0.112658, 0.023729, -0.112868, 0.993327),
      ["RightFoot"] = CFrame.new(0.000000, 0.000000, 0.000000, 1.000000, -0.000879, 0.000043, 0.000880, 0.999555, -0.029832, -0.000017, 0.029833, 0.999555),
      ["RightHand"] = CFrame.new(0.000000, 0.000000, 0.000000, 0.999974, -0.003764, -0.006181, 0.001312, 0.934219, -0.356697, 0.007117, 0.356680, 0.934200),
      ["RightLowerArm"] = CFrame.new(0.000000, -0.061231, 0.052166, 0.999438, -0.016614, -0.029121, -0.016136, 0.522998, -0.852181, 0.029389, 0.852172, 0.522436),
      ["RightLowerLeg"] = CFrame.new(0.001721, -0.045854, 0.104110, 0.999909, -0.012397, -0.005398, 0.005766, 0.029852, 0.999538, -0.012230, -0.999478, 0.029921),
      ["RightUpperArm"] = CFrame.new(0.000000, 0.000000, 0.000000, 0.987568, -0.145864, 0.058599, 0.140914, 0.986684, 0.081223, -0.069666, -0.071956, 0.994972),
      ["RightUpperLeg"] = CFrame.new(0.000000, 0.000000, 0.000000, 0.998039, -0.062597, 0.000733, 0.048615, 0.767641, -0.639033, 0.039439, 0.637815, 0.769179),
      ["UpperTorso"] = CFrame.new(0.000000, 0.000000, 0.000000, 0.999973, 0.001345, -0.007187, 0.000279, 0.975180, 0.221412, 0.007306, -0.221409, 0.975154),
    }},
    {Time = 0.292, Data = {
      ["Head"] = CFrame.new(0.000000, 0.000000, 0.000000, 0.999973, 0.004483, 0.005861, -0.002408, 0.949093, -0.314989, -0.006975, 0.314966, 0.949077),
      ["HumanoidRootPart"] = CFrame.new(0.000000, 0.000000, 0.000000, 1.000000, 0.000000, 0.000000, 0.000000, 1.000000, 0.000000, 0.000000, 0.000000, 1.000000),
      ["LeftFoot"] = CFrame.new(0.000000, 0.000000, 0.000000, 0.999983, 0.005850, 0.000452, -0.005849, 0.999982, -0.001606, -0.000462, 0.001603, 0.999999),
      ["LeftHand"] = CFrame.new(0.000000, 0.000000, 0.000000, 0.999590, -0.000216, -0.028625, 0.000871, 0.999738, 0.022878, 0.028613, -0.022894, 0.999328),
      ["LeftLowerArm"] = CFrame.new(0.000000, -0.061231, 0.052166, 1.000000, 0.000000, 0.000000, 0.000000, 0.807550, -0.589799, 0.000000, 0.589799, 0.807550),
      ["LeftLowerLeg"] = CFrame.new(0.000000, -0.041632, 0.025281, 1.000000, 0.000000, 0.000000, 0.000000, 0.986513, 0.163685, 0.000000, -0.163685, 0.986513),
      ["LeftUpperArm"] = CFrame.new(0.000000, 0.000001, 0.000000, 0.951807, 0.196661, -0.235346, -0.244016, 0.950441, -0.192658, 0.185795, 0.240802, 0.952625),
      ["LeftUpperLeg"] = CFrame.new(0.000000, 0.000000, 0.000000, 0.990851, 0.008700, 0.134679, -0.052565, 0.943994, 0.325748, -0.124302, -0.329847, 0.935815),
      ["LowerTorso"] = CFrame.new(0.024175, 0.007717, -0.047472, 0.998905, -0.005806, -0.046419, 0.011102, 0.993342, 0.114664, 0.045444, -0.115054, 0.992319),
      ["RightFoot"] = CFrame.new(0.000000, 0.000000, 0.000000, 0.999998, 0.001784, 0.000170, -0.001766, 0.997076, -0.076396, -0.000305, 0.076396, 0.997078),
      ["RightHand"] = CFrame.new(0.000000, 0.000000, 0.000000, 0.999977, -0.003142, -0.005957, 0.000862, 0.936918, -0.349547, 0.006680, 0.349534, 0.936900),
      ["RightLowerArm"] = CFrame.new(0.000000, -0.061231, 0.052166, 0.999704, -0.010011, -0.022178, -0.009799, 0.668604, -0.743554, 0.022272, 0.743551, 0.668308),
      ["RightLowerLeg"] = CFrame.new(0.001245, -0.025634, 0.075293, 0.999983, -0.005689, -0.001448, 0.003124, 0.306900, 0.951737, -0.004971, -0.951725, 0.306912),
      ["RightUpperArm"] = CFrame.new(0.000000, 0.000000, 0.000000, 0.990716, -0.125110, -0.053186, 0.135700, 0.933581, 0.331681, 0.008157, -0.335819, 0.941891),
      ["RightUpperLeg"] = CFrame.new(0.000000, 0.000000, 0.000000, 0.999649, -0.015481, 0.021485, 0.026346, 0.663426, -0.747778, -0.002678, 0.748082, 0.663601),
      ["UpperTorso"] = CFrame.new(0.000000, 0.000000, 0.000000, 0.999884, 0.002877, -0.014976, 0.000655, 0.973029, 0.230684, 0.015236, -0.230667, 0.972913),
    }},
    {Time = 0.333, Data = {
      ["Head"] = CFrame.new(0.000000, 0.000000, 0.000000, 0.999941, 0.006685, 0.008606, -0.003479, 0.944243, -0.329230, -0.010327, 0.329180, 0.944211),
      ["HumanoidRootPart"] = CFrame.new(0.000000, 0.000000, 0.000000, 1.000000, 0.000000, 0.000000, 0.000000, 1.000000, 0.000000, 0.000000, 0.000000, 1.000000),
      ["LeftFoot"] = CFrame.new(0.000000, 0.000000, 0.000000, 0.999954, 0.009568, 0.001134, -0.009631, 0.995769, 0.091384, -0.000255, -0.091390, 0.995815),
      ["LeftHand"] = CFrame.new(0.000000, 0.000000, 0.000000, 0.999839, -0.001155, -0.017883, -0.000253, 0.996912, -0.078527, 0.017919, 0.078519, 0.996752),
      ["LeftLowerArm"] = CFrame.new(0.000000, -0.061230, 0.052166, 1.000000, 0.000000, 0.000000, 0.000000, 0.801993, -0.597333, 0.000000, 0.597333, 0.801993),
      ["LeftLowerLeg"] = CFrame.new(0.000000, -0.076641, 0.046618, 1.000000, 0.000000, 0.000000, 0.000000, 0.976735, 0.214452, 0.000000, -0.214452, 0.976735),
      ["LeftUpperArm"] = CFrame.new(0.000000, 0.000000, 0.000000, 0.878301, 0.228834, -0.419788, -0.397928, 0.836590, -0.376523, 0.265029, 0.497746, 0.825838),
      ["LeftUpperLeg"] = CFrame.new(0.000000, 0.000000, 0.000000, 0.982872, 0.002337, 0.184274, -0.081638, 0.901976, 0.423999, -0.165220, -0.431781, 0.886717),
      ["LowerTorso"] = CFrame.new(0.017338, 0.065542, -0.025787, 0.997928, -0.004124, -0.064205, 0.011638, 0.993052, 0.117101, 0.063276, -0.117606, 0.991042),
      ["RightFoot"] = CFrame.new(0.000000, 0.000000, 0.000000, 0.999994, 0.003348, 0.000186, -0.003310, 0.994610, -0.103636, -0.000532, 0.103635, 0.994615),
      ["RightHand"] = CFrame.new(0.000000, 0.000000, 0.000000, 0.999984, -0.002230, -0.005196, 0.000367, 0.942590, -0.333952, 0.005642, 0.333945, 0.942576),
      ["RightLowerArm"] = CFrame.new(0.000000, -0.061231, 0.052166, 0.999913, -0.004362, -0.012457, -0.004298, 0.784747, -0.619801, 0.012479, 0.619801, 0.784660),
      ["RightLowerLeg"] = CFrame.new(0.000676, -0.011322, 0.040900, 0.999998, -0.001816, 0.000044, 0.001099, 0.624022, 0.781406, -0.001446, -0.781405, 0.624023),
      ["RightUpperArm"] = CFrame.new(0.000000, 0.000000, 0.000000, 0.987301, -0.090958, -0.130246, 0.148591, 0.818762, 0.554572, 0.056198, -0.566883, 0.821880),
      ["RightUpperLeg"] = CFrame.new(0.000000, 0.000000, 0.000000, 0.999494, 0.023394, 0.021556, 0.003369, 0.595971, -0.802999, -0.031632, 0.802665, 0.595591),
      ["UpperTorso"] = CFrame.new(0.000000, 0.000000, 0.000000, 0.999746, 0.004374, -0.022092, 0.001096, 0.970345, 0.241722, 0.022494, -0.241684, 0.970094),
    }},
    {Time = 0.375, Data = {
      ["Head"] = CFrame.new(0.000000, 0.000000, 0.000000, 0.999909, 0.008328, 0.010583, -0.004219, 0.940016, -0.341105, -0.012789, 0.341029, 0.939966),
      ["HumanoidRootPart"] = CFrame.new(0.000000, 0.000000, 0.000000, 1.000000, 0.000000, 0.000000, 0.000000, 1.000000, 0.000000, 0.000000, 0.000000, 1.000000),
      ["LeftFoot"] = CFrame.new(0.000000, 0.000000, 0.000000, 0.999919, 0.012612, 0.001966, -0.012763, 0.985629, 0.168443, 0.000186, -0.168454, 0.985710),
      ["LeftHand"] = CFrame.new(0.000000, 0.000000, 0.000000, 0.999972, -0.000958, -0.007417, -0.000406, 0.983337, -0.181789, 0.007467, 0.181787, 0.983310),
      ["LeftLowerArm"] = CFrame.new(0.000000, -0.061230, 0.052167, 1.000000, 0.000000, 0.000000, 0.000000, 0.788323, -0.615262, 0.000000, 0.615262, 0.788323),
      ["LeftLowerLeg"] = CFrame.new(0.000000, -0.105974, 0.064630, 1.000000, 0.000000, 0.000000, 0.000000, 0.953377, 0.301782, 0.000000, -0.301782, 0.953377),
      ["LeftUpperArm"] = CFrame.new(0.000000, 0.000000, 0.000000, 0.801845, 0.226716, -0.552852, -0.521720, 0.716682, -0.462790, 0.291297, 0.659519, 0.692950),
      ["LeftUpperLeg"] = CFrame.new(0.000000, 0.000000, 0.000000, 0.975803, 0.000346, 0.218652, -0.105118, 0.877595, 0.467735, -0.191726, -0.479402, 0.856397),
      ["LowerTorso"] = CFrame.new(0.009035, 0.113991, -0.007619, 0.997091, -0.002222, -0.076189, 0.011319, 0.992808, 0.119182, 0.075376, -0.119698, 0.989945),
      ["RightFoot"] = CFrame.new(0.000000, 0.000000, 0.000000, 0.999992, 0.004085, 0.000179, -0.004036, 0.993187, -0.116458, -0.000653, 0.116457, 0.993196),
      ["RightHand"] = CFrame.new(0.000000, 0.000000, 0.000000, 0.999993, -0.001155, -0.003567, 0.000005, 0.951788, -0.306755, 0.003749, 0.306753, 0.951782),
      ["RightLowerArm"] = CFrame.new(0.000000, -0.061231, 0.052166, 0.999993, -0.001046, -0.003738, -0.001038, 0.855859, -0.517209, 0.003741, 0.517209, 0.855851),
      ["RightLowerLeg"] = CFrame.new(0.000200, -0.002813, 0.012084, 1.000000, -0.000265, 0.000204, 0.000115, 0.845050, 0.534687, -0.000314, -0.534687, 0.845050),
      ["RightUpperArm"] = CFrame.new(0.000000, 0.000000, 0.000000, 0.983457, -0.059654, -0.171035, 0.163610, 0.697756, 0.697401, 0.077738, -0.713847, 0.695974),
      ["RightUpperLeg"] = CFrame.new(0.000000, 0.000000, 0.000000, 0.998695, 0.049019, 0.014305, -0.015725, 0.561766, -0.827147, -0.048582, 0.825843, 0.561804),
      ["UpperTorso"] = CFrame.new(0.000000, 0.000000, 0.000000, 0.999613, 0.005536, -0.027274, 0.001486, 0.968001, 0.250943, 0.027790, -0.250887, 0.967618),
    }},
    {Time = 0.417, Data = {
      ["Head"] = CFrame.new(0.000000, -0.000001, 0.000000, 0.999895, 0.008973, 0.011342, -0.004494, 0.938199, -0.346068, -0.013746, 0.345981, 0.938141),
      ["HumanoidRootPart"] = CFrame.new(0.000000, 0.000000, 0.000000, 1.000000, 0.000000, 0.000000, 0.000000, 1.000000, 0.000000, 0.000000, 0.000000, 1.000000),
      ["LeftFoot"] = CFrame.new(0.000000, 0.000000, 0.000000, 0.999901, 0.013862, 0.002383, -0.014059, 0.979624, 0.200348, 0.000443, -0.200362, 0.979722),
      ["LeftHand"] = CFrame.new(0.000000, 0.000000, 0.000000, 1.000000, 0.000000, 0.000000, 0.000000, 0.964361, -0.264591, 0.000000, 0.264591, 0.964361),
      ["LeftLowerArm"] = CFrame.new(0.000000, -0.061230, 0.052166, 1.000000, 0.000000, 0.000000, 0.000000, 0.757954, -0.652309, 0.000000, 0.652309, 0.757953),
      ["LeftLowerLeg"] = CFrame.new(0.000000, -0.118274, 0.072475, 1.000000, 0.000000, 0.000000, 0.000000, 0.902228, 0.431260, 0.000000, -0.431260, 0.902228),
      ["LeftUpperArm"] = CFrame.new(0.000000, 0.000000, 0.000000, 0.767502, 0.220180, -0.602048, -0.569889, 0.664407, -0.483518, 0.293544, 0.714202, 0.635412),
      ["LeftUpperLeg"] = CFrame.new(0.000000, 0.000000, 0.000000, 0.972723, 0.008501, 0.231814, -0.120653, 0.872060, 0.474294, -0.198124, -0.489326, 0.849298),
      ["LowerTorso"] = CFrame.new(0.000000, 0.134308, 0.000000, 0.996754, -0.000094, -0.080508, 0.009796, 0.992712, 0.120116, 0.079909, -0.120515, 0.989490),
      ["RightFoot"] = CFrame.new(0.000000, 0.000000, 0.000000, 0.999991, 0.004270, 0.000176, -0.004218, 0.992804, -0.119677, -0.000685, 0.119675, 0.992813),
      ["RightHand"] = CFrame.new(0.000000, 0.000000, 0.000000, 1.000000, -0.000099, -0.000735, -0.000099, 0.964361, -0.264590, 0.000735, 0.264590, 0.964361),
      ["RightLowerArm"] = CFrame.new(0.000000, -0.061230, 0.052166, 1.000000, 0.000000, 0.000000, 0.000000, 0.879911, -0.475138, 0.000000, 0.475138, 0.879911),
      ["RightLowerLeg"] = CFrame.new(0.000000, 0.000000, 0.000000, 1.000000, 0.000000, 0.000000, 0.000000, 0.938975, 0.343986, 0.000000, -0.343986, 0.938975),
      ["RightUpperArm"] = CFrame.new(0.000000, -0.000001, 0.000000, 0.982154, -0.045809, -0.182414, 0.168665, 0.643665, 0.746490, 0.083218, -0.763935, 0.639905),
      ["RightUpperLeg"] = CFrame.new(0.000000, 0.000000, 0.000000, 0.998249, 0.058309, 0.009965, -0.023953, 0.552469, -0.833189, -0.054088, 0.831491, 0.552899),
      ["UpperTorso"] = CFrame.new(0.000000, 0.000000, 0.000000, 0.999553, 0.006003, -0.029278, 0.001656, 0.966992, 0.254803, 0.029841, -0.254738, 0.966550),
    }},
    {Time = 0.458, Data = {
      ["Head"] = CFrame.new(0.000000, 0.000000, 0.000000, 0.999916, 0.008002, 0.010203, -0.004082, 0.941098, -0.338110, -0.012307, 0.338040, 0.941051),
      ["HumanoidRootPart"] = CFrame.new(0.000000, 0.000000, 0.000000, 1.000000, 0.000000, 0.000000, 0.000000, 1.000000, 0.000000, 0.000000, 0.000000, 1.000000),
      ["LeftFoot"] = CFrame.new(0.000000, 0.000000, 0.000000, 0.999902, 0.013826, 0.002372, -0.014021, 0.979756, 0.199704, 0.000437, -0.199717, 0.979854),
      ["LeftHand"] = CFrame.new(0.000000, 0.000000, 0.000000, 0.999994, 0.000954, 0.003401, 0.000158, 0.949779, -0.312920, -0.003529, 0.312919, 0.949773),
      ["LeftLowerArm"] = CFrame.new(0.000000, -0.061231, 0.052166, 0.999997, 0.001723, 0.001469, 0.000082, 0.620461, -0.784237, -0.002263, 0.784235, 0.620460),
      ["LeftLowerLeg"] = CFrame.new(0.002115, -0.118206, 0.072706, 0.999101, 0.042372, 0.001216, -0.034642, 0.799610, 0.599520, 0.024430, -0.599023, 0.800359),
      ["LeftUpperArm"] = CFrame.new(0.000000, 0.000000, 0.000000, 0.780605, 0.220401, -0.584876, -0.539337, 0.710429, -0.452113, 0.315867, 0.668367, 0.673434),
      ["LeftUpperLeg"] = CFrame.new(0.000511, 0.023728, 0.015440, 0.972277, 0.026344, 0.232345, -0.130105, 0.886572, 0.443918, -0.194296, -0.461840, 0.865420),
      ["LowerTorso"] = CFrame.new(-0.009035, 0.113991, -0.007619, 0.997080, 0.002482, -0.076329, 0.006666, 0.992829, 0.119359, 0.076078, -0.119519, 0.989913),
      ["RightFoot"] = CFrame.new(0.000046, 0.004163, 0.001940, 0.999987, -0.000069, -0.005039, 0.000088, 0.999993, 0.003729, 0.005039, -0.003729, 0.999980),
      ["RightHand"] = CFrame.new(0.000000, 0.000000, 0.000000, 0.999991, 0.000765, 0.004199, 0.000110, 0.978880, -0.204435, -0.004266, 0.204434, 0.978871),
      ["RightLowerArm"] = CFrame.new(0.000000, -0.061230, 0.052167, 1.000000, 0.000000, 0.000000, 0.000000, 0.879316, -0.476239, 0.000000, 0.476239, 0.879316),
      ["RightLowerLeg"] = CFrame.new(0.000000, 0.000000, 0.000000, 0.999995, -0.002950, -0.000784, 0.003053, 0.964385, 0.264486, -0.000024, -0.264488, 0.964389),
      ["RightUpperArm"] = CFrame.new(0.000000, 0.000000, 0.000000, 0.983025, -0.043932, -0.178134, 0.163483, 0.650429, 0.741765, 0.083276, -0.758295, 0.646571),
      ["RightUpperLeg"] = CFrame.new(0.000490, -0.007391, 0.008683, 0.998282, 0.057627, 0.010606, -0.024209, 0.570476, -0.820957, -0.053360, 0.819290, 0.570891),
      ["UpperTorso"] = CFrame.new(0.000000, 0.000000, 0.000000, 0.999641, 0.005298, -0.026267, 0.001399, 0.968601, 0.248616, 0.026760, -0.248563, 0.968246),
    }},
    {Time = 0.500, Data = {
      ["Head"] = CFrame.new(0.000000, 0.000000, 0.000000, 0.999954, 0.005836, 0.007580, -0.003093, 0.947035, -0.321117, -0.009052, 0.321079, 0.947009),
      ["HumanoidRootPart"] = CFrame.new(0.000000, 0.000000, 0.000000, 1.000000, 0.000000, 0.000000, 0.000000, 1.000000, 0.000000, 0.000000, 0.000000, 1.000000),
      ["LeftFoot"] = CFrame.new(0.000000, 0.000000, 0.000000, 0.999905, 0.013575, 0.002295, -0.013762, 0.980669, 0.195191, 0.000399, -0.195205, 0.980763),
      ["LeftHand"] = CFrame.new(0.000000, 0.000000, 0.000000, 0.999988, 0.001742, 0.004511, -0.000126, 0.941951, -0.335750, -0.004834, 0.335745, 0.941940),
      ["LeftLowerArm"] = CFrame.new(0.000000, -0.061231, 0.052166, 0.999963, 0.006785, 0.005369, 0.002474, 0.370422, -0.928860, -0.008291, 0.928839, 0.370392),
      ["LeftLowerLeg"] = CFrame.new(0.006043, -0.117728, 0.072724, 0.992659, 0.119505, 0.018594, -0.089322, 0.620762, 0.778894, 0.081540, -0.774838, 0.626880),
      ["LeftUpperArm"] = CFrame.new(0.000000, 0.000001, 0.000000, 0.814706, 0.213262, -0.539234, -0.461376, 0.801703, -0.380007, 0.351264, 0.558383, 0.751546),
      ["LeftUpperLeg"] = CFrame.new(0.001460, 0.067792, 0.044114, 0.971830, 0.050565, 0.230196, -0.131367, 0.927135, 0.350946, -0.195678, -0.371300, 0.907660),
      ["LowerTorso"] = CFrame.new(-0.017338, 0.065542, -0.025787, 0.997879, 0.005299, -0.064878, 0.002359, 0.993082, 0.117397, 0.065051, -0.117301, 0.990964),
      ["RightFoot"] = CFrame.new(0.000131, 0.011895, 0.005544, 0.999851, -0.006326, -0.016054, 0.009891, 0.972461, 0.232854, 0.014139, -0.232979, 0.972379),
      ["RightHand"] = CFrame.new(0.000000, 0.000000, 0.000000, 0.999928, 0.001218, 0.011955, 0.000290, 0.992111, -0.125359, -0.012013, 0.125354, 0.992039),
      ["RightLowerArm"] = CFrame.new(0.000000, -0.061230, 0.052166, 1.000000, 0.000000, 0.000000, 0.000000, 0.875286, -0.483606, 0.000000, 0.483606, 0.875286),
      ["RightLowerLeg"] = CFrame.new(0.000000, 0.000000, 0.000000, 0.999962, -0.008491, -0.001820, 0.008680, 0.970754, 0.239919, -0.000270, -0.239925, 0.970791),
      ["RightUpperArm"] = CFrame.new(0.000000, 0.000000, 0.000000, 0.984578, -0.043086, -0.169558, 0.153727, 0.675729, 0.720942, 0.083512, -0.735890, 0.671932),
      ["RightUpperLeg"] = CFrame.new(0.001400, -0.021119, 0.024808, 0.998467, 0.053783, 0.013062, -0.024294, 0.637944, -0.769700, -0.049729, 0.768203, 0.638272),
      ["UpperTorso"] = CFrame.new(0.000000, 0.000000, 0.000000, 0.999805, 0.003777, -0.019406, 0.000898, 0.971891, 0.235430, 0.019749, -0.235401, 0.971698),
    }},
    {Time = 0.542, Data = {
      ["Head"] = CFrame.new(0.000000, 0.000000, 0.000000, 0.999983, 0.003556, 0.004698, -0.001951, 0.952179, -0.305535, -0.005560, 0.305520, 0.952169),
      ["HumanoidRootPart"] = CFrame.new(0.000000, 0.000000, 0.000000, 1.000000, 0.000000, 0.000000, 0.000000, 1.000000, 0.000000, 0.000000, 0.000000, 1.000000),
      ["LeftFoot"] = CFrame.new(0.000000, 0.000000, 0.000000, 0.999915, 0.012890, 0.002091, -0.013055, 0.983041, 0.182923, 0.000302, -0.182935, 0.983125),
      ["LeftHand"] = CFrame.new(0.000000, 0.000000, 0.000000, 0.999986, 0.002513, 0.004697, -0.000731, 0.938090, -0.346390, -0.005277, 0.346382, 0.938079),
      ["LeftLowerArm"] = CFrame.new(0.000000, -0.061230, 0.052166, 0.999826, 0.014121, 0.012214, 0.008651, 0.229384, -0.973298, -0.016545, 0.973234, 0.229222),
      ["LeftLowerLeg"] = CFrame.new(0.008158, -0.116434, 0.072955, 0.986560, 0.155917, 0.048885, -0.102928, 0.360624, 0.927015, 0.126908, -0.919587, 0.371826),
      ["LeftUpperArm"] = CFrame.new(0.000000, 0.000001, 0.000000, 0.861195, 0.188545, -0.472011, -0.360089, 0.881727, -0.304785, 0.358719, 0.432445, 0.827232),
      ["LeftUpperLeg"] = CFrame.new(0.001971, 0.091520, 0.059553, 0.972464, 0.079816, 0.218958, -0.116673, 0.980046, 0.160928, -0.201745, -0.182043, 0.962372),
      ["LowerTorso"] = CFrame.new(-0.024175, 0.007717, -0.047472, 0.998848, 0.007718, -0.047369, -0.002223, 0.993366, 0.114973, 0.047942, -0.114735, 0.992239),
      ["RightFoot"] = CFrame.new(0.000177, 0.016058, 0.007484, 0.999711, -0.008581, -0.022451, 0.015918, 0.936251, 0.350972, 0.018008, -0.351228, 0.936117),
      ["RightHand"] = CFrame.new(0.000000, 0.000000, 0.000000, 0.999745, 0.000820, 0.022584, -0.000208, 0.999634, -0.027062, -0.022598, 0.027050, 0.999379),
      ["RightLowerArm"] = CFrame.new(0.000000, -0.061230, 0.052167, 1.000000, 0.000000, 0.000000, 0.000000, 0.864182, -0.503180, 0.000000, 0.503180, 0.864181),
      ["RightLowerLeg"] = CFrame.new(0.000000, 0.000000, 0.000000, 0.999931, -0.011501, -0.002242, 0.011713, 0.975730, 0.218663, -0.000327, -0.218674, 0.975798),
      ["RightUpperArm"] = CFrame.new(0.000000, 0.000000, 0.000000, 0.986232, -0.043333, -0.159589, 0.140704, 0.726934, 0.672138, 0.086885, -0.685339, 0.723023),
      ["RightUpperLeg"] = CFrame.new(0.001891, -0.028511, 0.033490, 0.998903, 0.043578, 0.017136, -0.022302, 0.764529, -0.644204, -0.041174, 0.643115, 0.764662),
      ["UpperTorso"] = CFrame.new(0.000000, 0.000000, 0.000000, 0.999926, 0.002252, -0.011967, 0.000478, 0.974734, 0.223367, 0.012168, -0.223356, 0.974661),
    }},
    {Time = 0.583, Data = {
      ["Head"] = CFrame.new(0.000000, 0.000000, 0.000000, 0.999995, 0.001830, 0.002435, -0.001018, 0.954280, -0.298912, -0.002870, 0.298909, 0.954277),
      ["HumanoidRootPart"] = CFrame.new(0.000000, 0.000000, 0.000000, 1.000000, 0.000000, 0.000000, 0.000000, 1.000000, 0.000000, 0.000000, 0.000000, 1.000000),
      ["LeftFoot"] = CFrame.new(0.000000, 0.000000, 0.000000, 0.999950, 0.009869, 0.001302, -0.009955, 0.991595, 0.128994, -0.000018, -0.129001, 0.991645),
      ["LeftHand"] = CFrame.new(0.000000, 0.000000, 0.000000, 0.999982, 0.003372, 0.004986, -0.001385, 0.935012, -0.354615, -0.005858, 0.354601, 0.934999),
      ["LeftLowerArm"] = CFrame.new(0.000000, -0.061230, 0.052166, 0.999525, 0.020310, 0.023198, 0.016957, 0.266278, -0.963747, -0.025751, 0.963682, 0.265807),
      ["LeftLowerLeg"] = CFrame.new(0.003119, -0.101444, 0.094695, 0.994989, 0.090142, 0.043260, -0.049248, 0.065305, 0.996649, 0.087015, -0.993786, 0.069418),
      ["LeftUpperArm"] = CFrame.new(0.000000, 0.000000, 0.000000, 0.919902, 0.155663, -0.359930, -0.256079, 0.933573, -0.250728, 0.296991, 0.322816, 0.898658),
      ["LeftUpperLeg"] = CFrame.new(0.000986, 0.045760, 0.029777, 0.981719, 0.108960, 0.156062, -0.087336, 0.986393, -0.139290, -0.169116, 0.123114, 0.977877),
      ["LowerTorso"] = CFrame.new(-0.028815, -0.040732, -0.065640, 0.999646, 0.009078, -0.025013, -0.006199, 0.993592, 0.112859, 0.025877, -0.112664, 0.993296),
      ["RightFoot"] = CFrame.new(0.000088, 0.008029, 0.003742, 0.999921, -0.006299, -0.010849, 0.007585, 0.992390, 0.122898, 0.009992, -0.122971, 0.992360),
      ["RightHand"] = CFrame.new(0.000000, 0.000000, 0.000000, 0.999402, -0.000792, 0.034564, -0.001912, 0.996943, 0.078114, -0.034520, -0.078133, 0.996345),
      ["RightLowerArm"] = CFrame.new(0.000000, -0.061231, 0.052166, 1.000000, 0.000000, 0.000000, 0.000000, 0.843930, -0.536453, 0.000000, 0.536453, 0.843930),
      ["RightLowerLeg"] = CFrame.new(0.000000, 0.000000, 0.000000, 0.999983, -0.005779, -0.000971, 0.005860, 0.985840, 0.167587, -0.000011, -0.167590, 0.985857),
      ["RightUpperArm"] = CFrame.new(0.000000, 0.000000, 0.000000, 0.988542, -0.050702, -0.142176, 0.122199, 0.821743, 0.556602, 0.088611, -0.567598, 0.818524),
      ["RightUpperLeg"] = CFrame.new(0.000945, -0.014255, 0.016745, 0.999688, 0.022539, 0.010791, -0.016220, 0.913763, -0.405923, -0.019010, 0.405621, 0.913844),
      ["UpperTorso"] = CFrame.new(0.000000, 0.000000, 0.000000, 0.999980, 0.001148, -0.006189, 0.000230, 0.975893, 0.218249, 0.006291, -0.218246, 0.975874),
    }},
    {Time = 0.625, Data = {
      ["Head"] = CFrame.new(0.000000, 0.000000, 0.000000, 1.000000, 0.000000, 0.000000, 0.000000, 0.954577, -0.297964, 0.000000, 0.297964, 0.954577),
      ["HumanoidRootPart"] = CFrame.new(0.000000, 0.000000, 0.000000, 1.000000, 0.000000, 0.000000, 0.000000, 1.000000, 0.000000, 0.000000, 0.000000, 1.000000),
      ["LeftFoot"] = CFrame.new(0.000000, 0.000000, 0.000000, 0.999988, 0.004899, 0.000377, -0.004910, 0.999153, 0.040869, -0.000176, -0.040870, 0.999164),
      ["LeftHand"] = CFrame.new(0.000000, 0.000000, 0.000000, 0.999979, 0.003808, 0.005190, -0.001694, 0.933552, -0.358437, -0.006210, 0.358421, 0.933539),
      ["LeftLowerArm"] = CFrame.new(0.000000, -0.061231, 0.052166, 0.999307, 0.021192, 0.030613, 0.020308, 0.378904, -0.925213, -0.031206, 0.925193, 0.378212),
      ["LeftLowerLeg"] = CFrame.new(-0.001921, -0.072089, 0.116194, 0.999661, 0.023207, 0.011779, -0.009854, -0.081407, 0.996632, 0.024088, -0.996411, -0.081151),
      ["LeftUpperArm"] = CFrame.new(0.000000, 0.000000, 0.000000, 0.969291, 0.148387, -0.196102, -0.174181, 0.977187, -0.121522, 0.173596, 0.151947, 0.973024),
      ["LeftUpperLeg"] = CFrame.new(0.000000, 0.000000, 0.000000, 0.992855, 0.104900, 0.056873, -0.069357, 0.895165, -0.440306, -0.097099, 0.433216, 0.896045),
